GroundTrack_OrbitalPosition,GroundTrack_OrbitalPosition,GroundTrack_OrbitalVelocity,dockVisibility_status,opticsAvailability_status,sunlight_status,GPS_satelliteVisibility_status,GPS_receiverAvailability_status,StarPlanetTracker_planetVisibility,StarPlanetTracker_starVisibility,InertialNavigation_time,GroundTrack_Time,RealTimeClock_time,StageTransition
0,0,0,2,1,0,2,1,2,2,0,2,2,9
0,0,0,2,1,0,1,1,0,0,0,55,2,0
72,72,73,76,0,0,1,1,74,75,0,2,2,2

0,0,0,29,1,1,0,0,0,0,0,31,30,4
0,0,0,61,1,1,58,1,59,60,0,2,2,7

0,0,0,32,1,1,29,1,30,31,0,2,2,6

0,0,0,32,1,1,29,1,30,31,1,2,33,0
0,0,0,1,1,0,0,0,2,2,0,2,2,0
0,0,0,0,1,0,2,1,77,78,0,80,79,2
0,0,0,2,1,0,1,1,2,2,0,2,2,3
0,0,0,126,1,1,123,1,124,125,1,2,2,5
150,150,151,154,1,1,0,0,152,153,1,2,2,2

0,0,0,2,0,0,29,1,30,31,1,33,32,1
0,0,0,0,0,1,0,0,0,0,0,2,2,0
0,0,0,1,1,0,2,1,2,2,0,77,2,2
0,0,0,2,1,0,1,1,2,2,0,2,2,3
0,0,120,124,1,1,121,1,122,123,1,2,2,5
0,0,0,151,1,1,148,1,149,150,0,2,2,6

0,0,0,2,1,0,2,1,2,2,1,2,29,7
56,56,57,2,1,0,2,1,1,58,0,2,59,0
0,0,0,77,0,0,1,1,2,0,1,79,78,2
0,0,0,99,1,1,96,1,97,98,0,2,2,3
126,126,127,131,1,1,128,1,129,130,1,2,2,1
0,0,0,157,1,1,0,1,155,156,0,2,2,8

29,29,30,33,0,0,2,1,31,32,0,35,34,1
0,0,0,64,0,0,1,1,62,63,0,2,2,0

